x <- 1:10

x^65

y <- 25

x * y

ans <- 42