x <- 1:10

x^2

y <- 25

x * y